lastAccountName: 4ipolinoMiner
timestamps:
  login: 1487884255403
  lastteleport: 1487882572138
ipAddress: 127.0.0.1
lastlocation:
  world: world
  x: -2.9522923216689163
  y: 67.0
  z: -3.8222367916885918
  yaw: 179.54997
  pitch: -5.100003
afk: true
