spawns: 
  default: 
    world: world
    x: 0.09748810661304359
    y: 67.0
    z: -4.756204104245269
    yaw: 179.54997
    pitch: -5.100003
